0 0.0344609375 0.42769444444444443 0.035328125 0.111625
0 0.06346093750000001 0.4898472222222222 0.0366875 0.15956944444444446
0 0.0993984375 0.5049583333333333 0.053867187500000004 0.15158333333333335
0 0.1503671875 0.5494166666666667 0.06596874999999999 0.19881944444444447
0 0.20495312499999999 0.44454166666666667 0.07553125000000001 0.2529722222222222
0 0.2872734375 0.5659166666666666 0.0780546875 0.2908472222222222
0 0.3625546875 0.5155694444444444 0.105578125 0.36376388888888894
0 0.41470312500000006 0.6874583333333334 0.0809609375 0.32561111111111113
0 0.47748437499999996 0.31675 0.12255468750000001 0.37240277777777775
0 0.5849921874999999 0.6680277777777778 0.226234375 0.6061944444444444
0 0.6985625 0.2589444444444444 0.142828125 0.4407916666666667
0 0.913875 0.49734722222222216 0.16525 0.49745833333333334
0 0.7973828125 0.33169444444444446 0.12953125000000001 0.47866666666666663