0 0.057343750000000006 0.2646478873239437 0.038343749999999996 0.1463380281690141
0 0.088265625 0.19556338028169015 0.0354375 0.11546948356807511
0 0.137140625 0.25392018779342723 0.048375 0.2590140845070423
0 0.23098437500000002 0.2765492957746479 0.055281250000000004 0.18692488262910797
0 0.18367187499999998 0.27387323943661973 0.041015625 0.1547183098591549
0 0.31490625 0.253075117370892 0.053484374999999994 0.16678403755868543
0 0.49157812500000003 0.22875586854460095 0.06975 0.1751643192488263
0 0.505296875 0.48450704225352115 0.028015625 0.13330985915492957
0 0.4073125 0.3079107981220657 0.041859375 0.15908450704225352
0 0.3543125 0.40819248826291077 0.040749999999999995 0.12490610328638498
0 0.9391875000000001 0.34279342723004697 0.038656249999999996 0.14838028169014084
0 0.9770156249999999 0.3508450704225352 0.045125 0.151056338028169
0 0.793671875 0.5104929577464788 0.0333125 0.10816901408450703