0 0.041499999999999995 0.666164705882353 0.08254687499999999 0.1888
0 0.098859375 0.8396705882352942 0.166015625 0.3206823529411765
0 0.143046875 0.5093411764705882 0.12046874999999999 0.2953411764705882
0 0.25453125 0.4688470588235294 0.09568750000000001 0.27145882352941175
0 0.3676875 0.504964705882353 0.13896875 0.2664235294117647
0 0.46467187499999996 0.7478588235294117 0.098546875 0.23790588235294116
0 0.37875000000000003 0.7172705882352941 0.065078125 0.18343529411764706
0 0.5233749999999999 0.4991058823529412 0.122203125 0.30508235294117647
0 0.6228125 0.5806117647058824 0.09115625000000001 0.22272941176470587
0 0.715875 0.5095294117647059 0.156765625 0.34609411764705883
0 0.79121875 0.23049411764705882 0.0864375 0.21828235294117646
0 0.883046875 0.3543529411764706 0.1295 0.19376470588235292
0 0.8256875000000001 0.5700235294117647 0.099609375 0.26543529411764705
0 0.7366406249999999 0.7986352941176471 0.07775 0.22515294117647058