0 0.10623437499999999 0.4559166666666667 0.1105 0.9055833333333333
0 0.2483125 0.8322916666666667 0.084109375 0.33541666666666664
0 0.161015625 0.7229166666666667 0.06967187500000001 0.5541666666666667
0 0.43931250000000005 0.35483333333333333 0.091109375 0.6200833333333333
0 0.52796875 0.6293333333333333 0.104375 0.5962083333333333
0 0.558734375 0.24804166666666666 0.074109375 0.31275000000000003
0 0.65325 0.568375 0.05221875 0.35970833333333335
0 0.700515625 0.7815 0.076421875 0.43695833333333334
0 0.751390625 0.442875 0.08246875000000001 0.36904166666666666
0 0.7610625 0.789 0.072515625 0.2644166666666667
0 0.8431875 0.717375 0.078546875 0.366