0 0.024531249999999998 0.5691784037558686 0.048625 0.21884976525821598
0 0.067953125 0.49591549295774645 0.07964062499999999 0.2097887323943662
0 0.14260937499999998 0.6305633802816901 0.10171875 0.33492957746478874
0 0.18556250000000002 0.6161502347417841 0.087203125 0.31276995305164323
0 0.262015625 0.6392957746478872 0.10393749999999999 0.35237089201877936
0 0.32751562500000003 0.5765727699530516 0.07646875 0.27387323943661973
0 0.392578125 0.6236854460093897 0.083828125 0.27086854460093895
0 0.48231250000000003 0.6325821596244132 0.156125 0.41943661971830987
0 0.5769375 0.5058215962441315 0.1846875 0.39392018779342725
0 0.696015625 0.7627230046948357 0.228625 0.41143192488262914
0 0.801359375 0.49877934272300467 0.189328125 0.3999530516431925
0 0.91640625 0.7167840375586855 0.1671875 0.514037558685446